1024
0.592845 0.548814
0.844266 0.715189
0.857946 0.602763
0.847252 0.544883
0.623564 0.423655
0.384382 0.645894
0.297535 0.437587
0.056713 0.891773
0.272656 0.963663
0.477665 0.383442
0.812169 0.791725
0.479977 0.528895
0.392785 0.568045
0.836079 0.925597
0.337396 0.071036
0.648172 0.087129
0.368242 0.020218
0.957155 0.832620
0.140351 0.778157
0.870087 0.870012
0.473608 0.978618
0.520477 0.461479
0.678880 0.780529
0.720633 0.118274
0.582020 0.639921
0.537373 0.143353
0.758616 0.944669
0.105908 0.521848
0.473600 0.414662
0.186332 0.264556
0.736918 0.774234
0.216550 0.456150
0.135218 0.568434
0.324141 0.018790
0.149675 0.617635
0.222321 0.612096
0.386489 0.616934
0.902599 0.943748
0.449950 0.681820
0.613063 0.359508
0.902349 0.437032
0.099280 0.697631
0.969809 0.060225
0.653140 0.666767
0.170910 0.670638
0.358152 0.210383
0.750686 0.128926
0.607831 0.315428
0.325047 0.363711
0.038425 0.570197
0.958949 0.988374
0.635059 0.208877
0.995300 0.161310
0.414369 0.253292
0.474698 0.466311
0.623510 0.244426
0.338008 0.158970
0.674752 0.110375
0.317202 0.656330
0.778345 0.138183
0.949571 0.196582
0.662527 0.368725
0.013572 0.820993
0.622846 0.097101
0.673660 0.837945
0.971945 0.096098
0.878193 0.976459
0.055715 0.976761
0.451159 0.604846
0.019988 0.739264
0.441711 0.039188
0.979587 0.282807
0.359444 0.120197
0.480894 0.296140
0.880476 0.317983
0.918235 0.414263
0.216822 0.064148
0.565189 0.692472
0.865103 0.566601
0.508969 0.265390
0.916723 0.523248
0.921158 0.093941
0.083112 0.575947
0.277719 0.929296
0.009357 0.318569
0.842342 0.667410
0.647174 0.131798
0.264730 0.289406
0.397821 0.183191
0.552821 0.586513
0.164940 0.020108
0.369808 0.828940
0.703737 0.270008
0.288476 0.735194
0.433288 0.962189
0.756107 0.248753
0.896038 0.592042
0.638921 0.572252
0.891554 0.223082
0.680056 0.952749
0.449198 0.447125
0.978571 0.846409
0.767024 0.297437
0.411820 0.813798
0.675439 0.396506
0.249796 0.881103
0.313218 0.581273
0.965416 0.881735
0.659668 0.725254
0.533206 0.501324
0.230533 0.956084
0.470132 0.019193
0.716075 0.301575
0.287991 0.660174
0.383462 0.290078
0.749170 0.618015
0.878452 0.428769
0.102863 0.135474
0.092374 0.298282
0.354047 0.569965
0.968962 0.653201
0.141264 0.896547
0.097260 0.367562
0.984042 0.435865
0.537023 0.806194
0.099569 0.100227
0.352312 0.919483
0.469249 0.714241
0.841140 0.998847
0.904648 0.149448
0.037559 0.868126
0.508315 0.162493
0.033222 0.407183
0.373291 0.697429
0.420075 0.453543
0.050588 0.722056
0.365496 0.866382
0.016628 0.975522
0.230742 0.855803
0.764912 0.011714
0.944124 0.359978
0.749999 0.729991
0.179490 0.199997
0.463451 0.793698
0.608253 0.928081
0.596655 0.704414
0.783644 0.031839
0.050370 0.621478
0.699098 0.577229
0.992396 0.237893
0.679091 0.613966
0.750844 0.589910
0.964490 0.730122
0.554242 0.311945
0.212390 0.398221
0.222443 0.209844
0.569574 0.944372
0.452109 0.739551
0.970237 0.490459
0.680545 0.227415
0.085296 0.254356
0.056418 0.058029
0.976404 0.696343
0.542499 0.179604
0.854614 0.024679
0.743835 0.067250
0.478596 0.679393
0.677082 0.453697
0.714697 0.896671
0.456015 0.216897
0.906418 0.663078
0.137220 0.263322
0.229219 0.020651
0.881585 0.758379
0.519711 0.831048
0.000055 0.628982
0.311860 0.872651
0.885338 0.798047
0.679879 0.185636
0.788739 0.215508
0.880298 0.730856
0.313692 0.253942
0.711584 0.025663
0.153694 0.207470
0.730442 0.424685
0.807580 0.586784
0.747079 0.863856
0.276894 0.517379
0.174909 0.132068
0.704474 0.716860
0.204866 0.183280
0.124833 0.488056
0.722081 0.355613
0.030453 0.940432
0.092596 0.748664
0.217450 0.903720
0.731694 0.552192
0.063038 0.100294
0.555649 0.016430
0.984329 0.785153
0.181631 0.586410
0.512393 0.063955
0.580447 0.485628
0.787542 0.977495
0.606475 0.876505
0.218403 0.338159
0.492268 0.949319
0.715561 0.941378
0.708548 0.630448
0.498140 0.874288
0.844550 0.293020
0.194342 0.848944
0.974259 0.013237
0.862310 0.347234
0.985032 0.981829
0.753570 0.478370
0.004048 0.497391
0.269479 0.639473
0.410492 0.368585
0.428224 0.136900
0.297842 0.822118
0.406120 0.097844
0.569211 0.862191
0.343605 0.972919
0.411372 0.906555
0.359271 0.774047
0.399499 0.333145
0.301831 0.081101
0.775220 0.407241
0.926213 0.232234
0.325310 0.132488
0.304582 0.770581
0.250623 0.079522
0.810424 0.672048
0.591935 0.131483
0.476477 0.055374
0.458515 0.262118
0.433439 0.283519
0.826870 0.379927
0.086377 0.788545
0.660040 0.056848
0.206595 0.696997
0.847275 0.778695
0.069859 0.373813
0.009688 0.587600
0.892050 0.272822
0.133465 0.370853
0.925163 0.459856
0.490819 0.799796
0.882709 0.518835
0.174112 0.959433
0.475289 0.645570
0.556429 0.430402
0.159867 0.510017
0.143829 0.536178
0.539224 0.277596
0.147014 0.392676
0.129412 0.187131
0.578922 0.903984
0.092260 0.543806
0.082972 0.882041
0.800378 0.458604
0.093459 0.399025
0.716244 0.327720
0.308286 0.796391
0.953721 0.590984
0.097469 0.457223
0.621678 0.951874
0.157632 0.820767
0.992429 0.908844
0.085001 0.815524
0.094458 0.159414
0.633608 0.628898
0.949297 0.398434
0.936746 0.062713
0.727696 0.258684
0.119771 0.958983
0.443879 0.355369
0.845358 0.185232
0.536275 0.401260
0.098478 0.945302
0.055966 0.454162
0.086532 0.326701
0.237173 0.232744
0.522371 0.033075
0.649832 0.428796
0.544591 0.068074
0.032465 0.251941
0.580152 0.221161
0.374323 0.974256
0.310068 0.409054
0.831519 0.162954
0.807023 0.638762
0.640024 0.490305
0.853940 0.517309
0.497678 0.424089
0.427834 0.554688
0.738227 0.706575
0.447144 0.414857
0.257233 0.814966
0.897070 0.904948
0.121060 0.296556
0.241546 0.992011
0.489509 0.105906
0.113817 0.730709
0.631126 0.881720
0.374245 0.379057
0.680116 0.748788
0.201518 0.942584
0.548519 0.633998
0.148829 0.699575
0.707917 0.994401
0.709072 0.451822
0.611748 0.070870
0.671907 0.292794
0.696077 0.417486
0.100032 0.604118
0.979573 0.546885
0.258702 0.592230
0.579912 0.406733
0.708609 0.505866
0.894863 0.373035
0.026523 0.524970
0.625637 0.750595
0.329543 0.333507
0.967121 0.924159
0.168576 0.862319
0.901483 0.048690
0.510629 0.348476
0.386827 0.740098
0.530089 0.680514
0.944707 0.622384
0.639027 0.341698
0.635057 0.030235
0.299643 0.710337
0.024527 0.372679
0.558065 0.530537
0.906172 0.342611
0.724148 0.671957
0.388867 0.948861
0.833818 0.588740
0.667285 0.016872
0.685092 0.813679
0.919531 0.790840
0.542457 0.097243
0.383103 0.519952
0.461007 0.090886
0.826824 0.227759
0.887265 0.623295
0.328303 0.618826
0.544647 0.980580
0.542129 0.922348
0.680697 0.923306
0.116098 0.919783
0.106429 0.036034
0.316488 0.174772
0.246535 0.389135
0.906354 0.300029
0.580107 0.160468
0.145870 0.160230
0.910994 0.696463
0.878493 0.247399
0.184363 0.907733
0.523006 0.528940
0.320565 0.304446
0.293144 0.327988
0.403218 0.477646
0.633062 0.284000
0.432606 0.514513
0.592081 0.456520
0.592780 0.970494
0.937635 0.721407
0.113486 0.764562
0.272229 0.698249
0.021689 0.062636
0.260629 0.432281
0.179410 0.773084
0.583404 0.107004
0.008931 0.862063
0.896581 0.859581
0.271113 0.058535
0.099959 0.423706
0.058870 0.399812
0.123844 0.671384
0.399667 0.713767
0.374753 0.431760
0.913991 0.822407
0.324083 0.726342
0.316220 0.536923
0.833316 0.110477
0.281153 0.405374
0.001208 0.029190
0.796319 0.524184
0.992074 0.365100
0.770674 0.518150
0.720528 0.842777
0.307376 0.222864
0.024945 0.100014
0.055107 0.162120
0.911197 0.559682
0.712927 0.199596
0.421845 0.781480
0.160394 0.927212
0.871103 0.392569
0.667593 0.878372
0.918092 0.987349
0.579681 0.759282
0.551079 0.364912
0.200516 0.495970
0.233078 0.159845
0.585432 0.046806
0.746836 0.970731
0.608989 0.003860
0.686362 0.081370
0.093894 0.001383
0.643678 0.858777
0.364463 0.458503
0.571844 0.336102
0.774683 0.880678
0.404307 0.991890
0.231070 0.675689
0.538868 0.244889
0.746584 0.166048
0.535468 0.778172
0.437814 0.844235
0.974990 0.139073
0.078970 0.842855
0.726878 0.818033
0.406922 0.424663
0.877751 0.107618
0.284086 0.246557
0.002677 0.932561
0.705148 0.377407
0.596065 0.809365
0.537236 0.709035
0.611327 0.183033
0.726227 0.745233
0.678059 0.526907
0.064435 0.425402
0.057321 0.479385
0.080061 0.914863
0.575078 0.733289
0.357207 0.515638
0.684126 0.694158
0.127689 0.140316
0.476946 0.600213
0.809593 0.326270
0.204072 0.316543
0.298264 0.357347
0.189754 0.727547
0.242100 0.779179
0.325297 0.486410
0.452729 0.498180
0.932666 0.866789
0.264620 0.211455
0.194901 0.876027
0.741232 0.918546
0.936928 0.120120
0.944949 0.314573
0.559774 0.657319
0.244032 0.725574
0.644420 0.903150
0.339756 0.042924
0.164533 0.330267
0.863476 0.140384
0.977518 0.395233
0.503748 0.310840
0.794506 0.727771
0.440777 0.179795
0.664965 0.480061
0.118042 0.220104
0.784731 0.622894
0.854115 0.458970
0.134819 0.322334
0.970078 0.176499
0.444121 0.939161
0.514993 0.591065
0.136357 0.805264
0.413801 0.213835
0.032056 0.012171
0.060995 0.322830
0.794988 0.287544
0.784114 0.243678
0.490110 0.753240
0.839806 0.620500
0.228857 0.639622
0.876285 0.490420
0.232383 0.185349
0.128697 0.995815
0.252700 0.471457
0.452731 0.316731
0.266788 0.024273
0.199530 0.430116
0.911657 0.013509
0.677045 0.256114
0.200638 0.232773
0.526413 0.005310
0.651228 0.965517
0.030208 0.152027
0.895911 0.185898
0.192846 0.520678
0.412052 0.397919
0.392967 0.042906
0.251627 0.913284
0.786860 0.354225
0.062036 0.754901
0.807419 0.929292
0.876840 0.828147
0.969168 0.518990
0.641133 0.163684
0.056372 0.262800
0.201096 0.110522
0.074895 0.630832
0.496548 0.221218
0.326903 0.683726
0.240490 0.276650
0.769634 0.706411
0.354821 0.892707
0.842402 0.435532
0.601714 0.389549
0.595197 0.263768
0.672889 0.560451
0.773659 0.815225
0.385739 0.801075
0.514462 0.982999
0.771241 0.185817
0.278329 0.104736
0.139133 0.116559
0.200951 0.151230
0.337841 0.805462
0.243904 0.512081
0.948443 0.787916
0.476003 0.555294
0.034246 0.598316
0.795545 0.118917
0.992887 0.758194
0.246577 0.359097
0.227871 0.548846
0.205011 0.982990
0.373106 0.330596
0.338281 0.946807
0.127087 0.435353
0.273678 0.167436
0.220824 0.821904
0.361106 0.614770
0.075850 0.037130
0.424853 0.866135
0.324052 0.913284
0.162451 0.557987
0.646491 0.781193
0.471207 0.168926
0.000717 0.413780
0.014781 0.686380
0.755738 0.355889
0.600934 0.577590
0.964511 0.767210
0.726851 0.580238
0.743531 0.036691
0.927490 0.756287
0.811259 0.556133
0.156098 0.985379
0.022332 0.201267
0.794306 0.487148
0.506250 0.912151
0.872991 0.060078
0.943103 0.685467
0.711614 0.533978
0.512488 0.657044
0.373449 0.489685
0.339843 0.397014
0.576657 0.835646
0.970410 0.319834
0.607624 0.842973
0.157281 0.442873
0.154130 0.474185
0.479830 0.140440
0.149499 0.042364
0.033094 0.667215
0.590998 0.197983
0.832943 0.404774
0.770997 0.649656
0.501462 0.555938
0.274041 0.770544
0.772057 0.558283
0.694394 0.875451
0.778242 0.073826
0.934781 0.906494
0.643997 0.701786
0.341983 0.998355
0.845086 0.847308
0.233708 0.127499
0.762525 0.840641
0.956942 0.228908
0.787628 0.435142
0.366147 0.722392
0.394724 0.769789
0.389287 0.856567
0.803792 0.898825
0.301361 0.034267
0.179906 0.411626
0.601626 0.506532
0.329973 0.778039
0.084288 0.673010
0.110248 0.799830
0.968688 0.960522
0.815611 0.077993
0.405789 0.066596
0.609172 0.671690
0.648497 0.400470
0.588472 0.614346
0.422276 0.672627
0.356805 0.244157
0.039047 0.767466
0.107043 0.565845
0.116867 0.845078
0.570039 0.808049
0.645609 0.601228
0.512370 0.384273
0.256567 0.566669
0.711309 0.766669
0.578081 0.368599
0.012877 0.561121
0.630237 0.546950
0.559937 0.502509
0.830148 0.824266
0.658125 0.315465
0.341405 0.430181
0.052497 0.209603
0.336640 0.194194
0.932057 0.145841
0.792105 0.837326
0.398848 0.140910
0.819757 0.026321
0.808608 0.701257
0.936517 0.285175
0.929442 0.578610
0.710483 0.092448
0.681336 0.042490
0.757438 0.381654
0.963908 0.457389
0.188081 0.644397
0.370195 0.160260
0.153943 0.729611
0.931953 0.644299
0.533723 0.876821
0.848439 0.964210
0.805421 0.413768
0.149815 0.643864
0.268173 0.131597
0.162252 0.180661
0.114681 0.338515
0.643644 0.001595
0.301866 0.974774
0.191313 0.375549
0.291597 0.143977
0.532721 0.739937
0.356343 0.292571
0.556898 0.473386
0.716795 0.230400
0.354554 0.355380
0.431893 0.989525
0.607205 0.728948
0.029790 0.294650
0.116706 0.632850
0.385165 0.217552
0.932443 0.951411
0.929678 0.491784
0.293023 0.276248
0.053869 0.133076
0.385726 0.894870
0.735520 0.454334
0.188705 0.801059
0.270862 0.344702
0.757596 0.671428
0.291345 0.564597
0.499451 0.500537
0.033324 0.337149
0.992243 0.732815
0.159729 0.098250
0.287379 0.892640
0.125154 0.069814
0.471315 0.353424
0.229734 0.100805
0.887219 0.464490
0.853701 0.738592
0.109695 0.247839
0.442668 0.894172
0.825862 0.462761
0.128594 0.460597
0.798146 0.154278
0.868708 0.669685
0.271186 0.858398
0.634561 0.833935
0.524801 0.120387
0.217571 0.743340
0.767880 0.783837
0.607242 0.773332
0.853625 0.813582
0.411669 0.614175
0.676274 0.656605
0.938671 0.434633
0.179433 0.464922
0.899747 0.078996
0.368761 0.091136
0.045446 0.690211
0.003201 0.453304
0.407468 0.278469
0.797261 0.867286
0.773241 0.327411
0.506839 0.701476
0.072678 0.701506
0.086886 0.194043
0.920056 0.372737
0.415788 0.935800
0.330765 0.849673
0.516482 0.093661
0.821486 0.280707
0.845013 0.323614
0.844481 0.070174
0.082503 0.492974
0.051692 0.833479
0.233645 0.414221
0.285922 0.610213
0.667448 0.161741
0.978630 0.202372
0.822315 0.751906
0.984080 0.575838
0.698087 0.141314
0.534533 0.566262
0.872971 0.928643
0.449867 0.767361
0.422215 0.013688
0.196474 0.013836
0.616694 0.155701
0.256325 0.752491
0.168513 0.363660
0.410322 0.305966
0.658217 0.810696
0.783701 0.380315
0.748266 0.503479
0.169610 0.236910
0.428395 0.646439
0.515549 0.199704
0.526470 0.428898
0.204121 0.561911
0.873429 0.697381
0.338308 0.099468
0.194033 0.052572
0.817087 0.197908
0.178915 0.704682
0.434307 0.095666
0.331817 0.460677
0.426309 0.325528
0.382928 0.249542
0.024078 0.793291
0.866777 0.277066
0.814385 0.979243
0.991089 0.338103
0.208123 0.662487
0.993942 0.663457
0.863957 0.217960
0.810281 0.248046
0.244990 0.316800
0.545595 0.952249
0.019552 0.175677
0.470568 0.874446
0.571263 0.253261
0.710147 0.798619
0.727641 0.142521
0.181311 0.992820
0.453198 0.824062
0.454934 0.147933
0.337833 0.591092
0.027979 0.441239
0.114753 0.882195
0.746781 0.278536
0.438794 0.801621
0.938772 0.034920
0.819883 0.496440
0.157948 0.297057
0.083555 0.061728
0.846580 0.884147
0.889907 0.545400
0.684717 0.321724
0.965710 0.417546
0.355849 0.745533
0.284096 0.468332
0.918147 0.609364
0.126210 0.599914
0.623602 0.520716
0.996199 0.115202
0.849420 0.249771
0.437395 0.579830
0.742937 0.642610
0.801671 0.001961
0.295740 0.635584
0.254192 0.255108
0.548143 0.845771
0.060491 0.655692
0.215391 0.775815
0.624852 0.798854
0.353671 0.664045
0.994756 0.524051
0.546465 0.220382
0.207045 0.289247
0.433879 0.068375
0.975054 0.613286
0.907523 0.119014
0.656063 0.931506
0.948381 0.559218
0.981450 0.820683
0.500161 0.011332
0.828707 0.524026
0.710352 0.164609
0.763567 0.448314
0.502580 0.623577
0.342008 0.706471
0.658917 0.632121
0.018336 0.899967
0.915690 0.206230
0.651659 0.247676
0.914802 0.886496
0.061338 0.803497
0.188462 0.611548
0.302413 0.115028
0.755378 0.102147
0.480421 0.840873
0.030675 0.038004
0.290479 0.201719
0.452609 0.632678
0.777355 0.748805
0.859943 0.643689
0.996197 0.070556
0.649828 0.459197
0.065560 0.598294
0.441001 0.473890
0.612047 0.220384
0.614540 0.477094
0.091840 0.970023
0.271648 0.373346
0.188076 0.346632
0.373264 0.546534
0.772602 0.918425
0.653565 0.533877
0.029846 0.475861
0.882007 0.019463
0.735278 0.002310
0.054647 0.926557
0.477518 0.239128
0.046924 0.509797
0.133347 0.021057
0.469633 0.925633
0.781600 0.583827
0.262267 0.665114
0.726413 0.393777
0.014299 0.272310
0.247253 0.044454
0.407898 0.528972
0.175669 0.157752
0.299207 0.491440
0.560561 0.123619
0.691532 0.477087
0.297628 0.684033
0.749885 0.805350
0.064581 0.953019
0.744532 0.208959
0.156287 0.066964
0.831903 0.346451
0.619183 0.130565
0.384150 0.113735
0.428109 0.715345
0.089939 0.227235
0.582953 0.014615
0.450949 0.537990
0.222187 0.584321
0.570480 0.291533
0.857014 0.907565
0.366621 0.065599
0.179401 0.080616
0.407945 0.966297
0.306290 0.942089
0.449313 0.380910
0.068571 0.286425
0.394800 0.678213
0.714011 0.969579
0.269005 0.491462
0.844519 0.488506
0.305760 0.384084
0.220248 0.260541
0.439554 0.244498
0.142221 0.844077
0.218300 0.371420
0.608530 0.029266
0.252872 0.940735
0.033805 0.641688
0.696911 0.348913
0.532684 0.329098
0.905295 0.739428
0.137613 0.750430
0.773775 0.269806
0.553620 0.894030
0.839024 0.044754
0.094341 0.648276
0.120796 0.400654
0.156347 0.584995
0.719197 0.478443
0.950823 0.257140
0.130480 0.512653
0.412771 0.585158
0.414153 0.162752
0.057162 0.237148
0.853008 0.371247
0.634813 0.060498
0.145288 0.952870
0.064204 0.555297
0.930803 0.841615
0.496253 0.037836
0.533068 0.613899
0.480213 0.327147
0.365822 0.185810
0.289858 0.539367
0.412697 0.741358
0.146659 0.348462
0.582875 0.073066
0.800664 0.766323
0.942199 0.518495
0.925628 0.258251
0.559563 0.046156
0.570414 0.564123
0.869384 0.192813
0.490581 0.077216
0.304288 0.002931
0.716079 0.055920
0.928278 0.177757
0.228726 0.479701
0.377113 0.404176
0.675386 0.992500
0.946799 0.085857
0.670932 0.588913
0.383447 0.921082
0.019682 0.712962
0.326456 0.752409
0.748728 0.533039
0.820842 0.952188
0.799520 0.055373
0.067377 0.007498
0.873132 0.164414
0.256834 0.534378
0.334579 0.272842
0.750033 0.889500
0.617408 0.979327
0.279681 0.988861
0.337867 0.225679
0.853340 0.093917
0.516728 0.935335
0.281630 0.800406
0.569194 0.989017
0.937042 0.006704
0.493440 0.186587
0.171683 0.747872
0.027697 0.844476
0.828970 0.135780
0.742968 0.310251
0.583410 0.786518
0.304099 0.847376
0.667763 0.343790
0.818743 0.852076
0.626705 0.653451
0.620467 0.451342
0.070687 0.525240
0.713683 0.604976
0.483451 0.270413
0.392868 0.450595
0.104637 0.274288
0.613650 0.602832
0.595995 0.291163
0.055546 0.351267
0.595639 0.430935
0.580926 0.671953
0.662882 0.207180
0.016404 0.230160
0.229423 0.929905
0.894157 0.403091
0.996411 0.958443
0.498974 0.727934
0.635552 0.374678
0.218105 0.521948
0.252321 0.618790
0.483103 0.901524
0.240519 0.700289
0.554382 0.758277
0.969310 0.351203
0.464181 0.116224
0.018691 0.127880
0.793769 0.951208
0.143187 0.234847
0.394332 0.015558
0.607223 0.633922
0.516196 0.760525
0.329577 0.512701
0.314988 0.059236
0.163852 0.794303
0.375094 0.587661
0.008983 0.001129
0.994415 0.883003
0.939011 0.814553
0.814616 0.613900
0.661522 0.506964
0.411242 0.839098
0.651333 0.755378
0.608693 0.902668
0.270695 0.315827
0.042717 0.081591
0.749027 0.405912
0.257640 0.186872
0.076563 0.728323
0.783257 0.680936
0.079361 0.121932
0.340254 0.545066
0.146615 0.418479
0.564403 0.196379
0.252820 0.840052
0.560362 0.610978
0.902333 0.502319
